REPORTE DE ALUMNOS
========================================================================================================================
CODIGO              TOTAL CURSOS        APROBADOS           POR PRIMERA         POR SEGUNDA         POR TERCERA         
------------------------------------------------------------------------------------------------------------------------
202123703           3                   1                   2                   0                   0                   
MEC270 INF263 MAT241 
202119153           2                   0                   2                   0                   0                   
MEC270 FIS220 
202113758           0                   0                   0                   0                   0                   

202123373           1                   1                   0                   0                   0                   
INF246 
202127660           1                   0                   1                   0                   0                   
INF263 
202112598           0                   0                   0                   0                   0                   

202224569           2                   -1                  2                   1                   0                   
MEC270 INF263 FIS220 
202214628           0                   0                   0                   0                   0                   

202121791           1                   0                   1                   0                   0                   
MAT241 
202224918           2                   0                   2                   0                   0                   
INF246 MAT241 
202115802           2                   0                   2                   0                   0                   
MEC206 INF263 MEC289 
202318072           1                   0                   1                   0                   0                   
INF263 
202112887           0                   0                   0                   0                   0                   

202313065           1                   0                   1                   0                   0                   
INF263 
202129611           0                   0                   0                   0                   0                   

202214712           2                   0                   2                   0                   0                   
INF246 MAT241 
202126490           1                   0                   1                   0                   0                   
MEC206 
202313249           1                   0                   1                   0                   0                   
FIS220 INF246 MAT241 INF246 
202114739           2                   0                   2                   0                   0                   
MAT241 MEC206 
202319927           1                   0                   1                   0                   0                   
MAT241 
202221155           0                   0                   0                   0                   0                   

202315724           3                   1                   2                   0                   0                   
MEC270 MAT241 INF246 
202125775           2                   0                   2                   0                   0                   
FIS220 MEC206 MEC270 
202315643           2                   0                   2                   0                   0                   
MEC270 INF246 
202127344           2                   1                   1                   0                   0                   
MEC270 INF263 MEC270 
202318320           3                   0                   3                   0                   0                   
MAT241 MEC289 FIS220 INF263 
202315318           2                   0                   2                   0                   0                   
INF246 MAT241 
202227316           1                   0                   1                   0                   0                   
MEC289 MEC289 
202225778           3                   0                   3                   0                   0                   
MEC270 MAT241 INF246 
202313754           1                   0                   1                   0                   0                   
INF246 MEC270 
202217030           1                   0                   1                   0                   0                   
INF263 
202214204           2                   1                   1                   0                   0                   
INF246 MEC289 INF246 
202318383           1                   -1                  1                   1                   0                   
INF246 INF246 
202122715           0                   0                   0                   0                   0                   

202213745           1                   0                   1                   0                   0                   
INF246 
202113223           1                   0                   1                   0                   0                   
MEC270 
202211325           1                   0                   0                   1                   0                   
INF263 MAT241 
202315763           1                   0                   1                   0                   0                   
MAT241 
202129785           1                   0                   1                   0                   0                   
MAT241 
202216995           0                   0                   0                   0                   0                   

202115400           1                   0                   1                   0                   0                   
FIS220 
202311247           2                   0                   2                   0                   0                   
MEC270 MAT241 
202122742           1                   0                   1                   0                   0                   
FIS220 
202312000           1                   0                   0                   1                   0                   
MEC206 FIS220 
202313122           2                   0                   1                   0                   1                   
MAT241 MEC289 MEC206 
202219773           2                   0                   2                   0                   0                   
MAT241 INF246 
202316015           2                   0                   2                   0                   0                   
INF246 FIS220 
202116038           2                   0                   2                   0                   0                   
INF246 MAT241 
202114285           1                   0                   1                   0                   0                   
MEC289 
202316517           0                   0                   0                   0                   0                   

202119958           3                   0                   3                   0                   0                   
MAT241 MEC270 INF246 
202111260           2                   0                   2                   0                   0                   
MEC289 INF246 
202129735           3                   0                   3                   0                   0                   
FIS220 MEC289 INF263 
202215067           1                   -1                  1                   1                   0                   
MEC206 
202319103           2                   0                   2                   0                   0                   
MAT241 INF263 FIS220 
202111935           0                   0                   0                   0                   0                   

202226249           1                   -1                  1                   1                   0                   
MEC270 
202312501           1                   -1                  1                   1                   0                   
MEC270 
202125607           2                   0                   2                   0                   0                   
FIS220 MEC206 
202215494           1                   -1                  0                   1                   1                   
MEC206 FIS220 MEC270 
202219437           1                   0                   1                   0                   0                   
MEC289 MEC270 
202116963           2                   -1                  2                   1                   0                   
FIS220 MEC206 
202113179           0                   0                   0                   0                   0                   

202123402           1                   0                   0                   1                   0                   
INF246 
202223508           2                   1                   1                   0                   0                   
MEC206 FIS220 
202311748           2                   1                   1                   0                   0                   
INF246 FIS220 
202226929           2                   0                   1                   1                   0                   
FIS220 MEC270 MEC270 
202318318           1                   -1                  1                   1                   0                   
INF246 
202312360           2                   -1                  1                   2                   0                   
MEC270 INF246 INF246 FIS220 
202312050           3                   2                   1                   0                   0                   
MEC206 INF263 MAT241 MAT241 
202314919           2                   0                   1                   1                   0                   
MAT241 FIS220 
202119707           2                   1                   0                   1                   0                   
INF246 MEC289 INF246 
202216453           2                   1                   0                   1                   0                   
MEC206 MAT241 MAT241 MEC206 
202313627           0                   0                   0                   0                   0                   

202129719           2                   0                   1                   1                   0                   
INF246 MEC270 FIS220 
202222447           1                   0                   1                   0                   0                   
INF263 
202111397           2                   2                   0                   0                   0                   
MEC270 FIS220 MEC270 
202315527           1                   0                   1                   0                   0                   
INF263 
